$ANSIBLE_VAULT;1.1;AES256
33623739663330626430313962653335313834613162613438303965663233386264613662393064
3630326437373263666239646135326233613364663731330a366262393235373539333733366662
65316566656238336534383766616430653662366463616138663230373330366162323432383033
6165626332323233340a616137326338643066663065666130636136373837363264656431666263
37306562326238333530323036633330363936373233373031323566373163363866303137663736
39663838326138323063616338666365663533303664663937326435386665376438346137653565
32323439616639663539383137343433643833396563313638613230363664626538356334613834
35353731633136616130623163346534373531306135353536386630393064386633613935353930
65656234353938363366313134623964653164636263393036363032376331306561396636646663
38313964646431633161653230636466333338643765353866383264623462386637363436333264
61326333356630323938623934343739633366373237303464643339613664623561366463613862
37373965363138616632613261376635373138373133343132373633366663386632383033316365
38653937656232616232306337383565636638616564306236346632633763626264623739323461
36356664393739323764623537353332326336336364336663306566363863643862336564313865
33623862373763383939343930663731323862386639373962663965306264646562643032663164
38613133613230633365303932653934313534313136363463306364373232663430303435333064
30333133313965643366326161343030373635346139656434616366373538376530656139383537
63633138326266313565393230346433323661363734386563383961303830313735323864353435
65376633313936336235636565646132383630393766336262363030313731643137343164386334
30613637366166363966613536656233623734373861373732613264653161326632623864666531
36313861656138306166333532383733373739366537333537626337306631366638303437326231
64373032646137653737323736626439356535623764643330626466636266316630346564306339
62376336386138633362396234623132626163373839333334363365383938326237313066653065
39636634343939653538363331366434316463616563363766653063353933646633643436613339
30386162313061336334623531366562633733656430623464623666666462383934316132356235
61356533616363633239313766346664363564333234396533643264376362393539306364393437
34646339343061633130316663366662323737653936333339373733623838323564306535376535
64633762333937643531313562386530383632323965643961616261613536303666623966336264
38346162323133396462393961386231643662313463636264383431636362616439303261363536
39656665323665313764376439623330353165373262366165306437346564633636343235663861
61346638643834306632643461316164653362313761303332383261656130346330363236313235
62343133396530373439333766373234313436313235633064313533656630653033346338653864
37313466313836383038373064393931363131616361663164616437666231363734316266383033
36366362616565376439613138303235636432386465366437363364396663386562343338393834
61343739616466393239633662373964333064313338623330623362366364646563313733333330
38663139306339623737623562636636626235373565376338396565663634383062306634386362
31356163323162636639326464336237613137353562393835323363363263626138336461373139
66613438316561393134313861373731396662363435336635626531306130306334303731633561
31633831333038306133343764646265376464343432323134633636383938393962363738613033
33396464373532323138623162663061623339616338363332376234316333653238323063613766
64643963626339636531633533666139653432643566633539316437303730323137393335613662
66373562666365636564306435366338343431306239363230633963626431396334616534636135
34366538633832643334396538383566343533333338353363663433343536643762333232646463
63633432623634613033356565313064316439343436393964663566306336636439623735346634
62396463306262623063386531666133333962663164643031376334323532323737353666643934
62393064343837373637356662626432626336383430656239393933313461356237316664363865
39623230306134303633383033373362616566343238323934393736653761323333373136343966
65373262326163343235303563393762653335363337336238613234636666336464313437313731
31326137633632393661613166613134663265383830343238353561653239313366633463323336
64363638613161666466373961316635666362396533623635333464616563366137386138656666
36383736393062336137613633623839643561313335303830643734383938653131343531646164
32363335623532373164343166323839616431363739646435643537653930303130383933363631
62653361623331623866353966333031623165356263313437343264383934653838643232306265
62353734376332626238623839366664386635303632663036373638393730623432393736363436
66666439643639616164316232356532633831313036353236363265373662643031346630313162
65353863306538343431303032346165623861663330383265333937643934613635363236636364
37306662613763643534323462656231376638656539343433656535363936663632353166343836
33636333643630303537643266323637353130396530646438383464616337323136313263316630
61626238376661653863316265636663656436323163616431376538393638373439373964323035
33616636663062616562393462383662643539656630633239323434663036343864653531323539
64396638386562313037316463616462383966613065396130363939353835326365653134663232
63613639386132393731663665393636393762396563353032313533323566616631633336336462
33663630343666643237326530666331386564336461653764353039623432373635643736373835
61626665396435363065386139366166353536313164376165373538613837633732623366326464
61663631396235333532303733316336323937623064356231303736323034383035376465623564
37363131656338393363643037363332633831396631376563333034336536623561343830346361
61613864613737343431656335623935633334356134396262633038346135396137316234306139
63373936303630656130656239663936333763393066613039613337623139663136383934303162
65323063636663656232303135346438356265383363336664366434393764643233633964313334
66336561316331343431313438636332636162656661356664386531653630333466623032366630
61663839653461663364326265613939313435353461376333396266323833323461363361313339
61613238343861303465303766393965346333636164313637323963666536386465313662356337
32313164393239393235376431623532363262663037303439663065656539323839396363646435
39623136666339333838373233313635646139376534383061373663613631346338363162356461
34643136326632313234346163323438313232366231613964333736656139613065343130383032
39363436383063623439623031333231663137313362653533333333323566303337366136663733
30633462636437633638636536323732316461316534656134633034333134623263313430326365
62343138373637313735353063666666363532323564333233653564613062306464313166646638
31653439386464336433323265626634636461613565616330386136393732656262333862643566
66616334313061663439656335373562353862613431623430613537323135613761336463646462
6665
